9.999 -0.925 -1.117 -1.326 -1.540 -1.753 -1.955 -2.126 -2.239 -2.258 -2.175 -2.018 -1.812 -1.576 -1.318 -1.031 -0.708 -0.345  0.045
9.999 -0.597 -0.673 -0.792 -0.942 -1.106 -1.268 -1.406 -1.490 -1.501 -1.432 -1.294 -1.114 -0.909 -0.687 -0.450 -0.193  0.090  0.403
9.999 -0.529 -0.524 -0.523 -0.539 -0.583 -0.643 -0.701 -0.732 -0.722 -0.661 -0.556 -0.413 -0.244 -0.054  0.152  0.376  0.620  0.886
9.999 -0.530 -0.510 -0.472 -0.407 -0.312 -0.208 -0.115 -0.039  0.030  0.102  0.187  0.293  0.421  0.571  0.742  0.934  1.147  1.382
9.999 -0.534 -0.517 -0.479 -0.400 -0.258 -0.048  0.208  0.451  0.641  0.777  0.882  0.977  1.077  1.190  1.322  1.476  1.654  1.855
9.999 -0.526 -0.518 -0.490 -0.419 -0.277 -0.042  0.281  0.649  0.989  1.251  1.434  1.563  1.667  1.764  1.870  1.991  2.133  2.298
9.999 -0.497 -0.495 -0.481 -0.429 -0.306 -0.082  0.247  0.654  1.080  1.468  1.774  1.988  2.137  2.250  2.351  2.454  2.570  2.704
9.999 -0.482 -0.474 -0.455 -0.410 -0.310 -0.119  0.183  0.582  1.031  1.487  1.898  2.227  2.466  2.630  2.753  2.859  2.962  3.075
9.999 -0.468 -0.457 -0.438 -0.394 -0.297 -0.121  0.148  0.510  0.945  1.415  1.885  2.314  2.655  2.902  3.074  3.204  3.312  3.419
9.999 -0.465 -0.446 -0.420 -0.376 -0.287 -0.122  0.135  0.479  0.886  1.342  1.828  2.306  2.735  3.079  3.322  3.496  3.629  3.742
9.999 -0.468 -0.448 -0.420 -0.370 -0.280 -0.125  0.115  0.449  0.857  1.306  1.784  2.272  2.755  3.178  3.503  3.738  3.912  4.047
9.999 -0.464 -0.445 -0.416 -0.368 -0.281 -0.127  0.109  0.434  0.840  1.298  1.780  2.265  2.766  3.235  3.634  3.936  4.159  4.330
9.999 -0.455 -0.436 -0.405 -0.357 -0.276 -0.133  0.097  0.424  0.836  1.300  1.789  2.294  2.798  3.287  3.736  4.100  4.372  4.582
9.999 -0.441 -0.425 -0.389 -0.336 -0.255 -0.122  0.096  0.420  0.840  1.316  1.821  2.331  2.850  3.358  3.832  4.242  4.561  4.801
9.999 -0.426 -0.409 -0.372 -0.308 -0.217 -0.080  0.132  0.447  0.863  1.347  1.865  2.387  2.920  3.441  3.935  4.373  4.728  4.998
9.999 -0.418 -0.396 -0.352 -0.276 -0.164 -0.012  0.203  0.512  0.920  1.399  1.917  2.453  2.995  3.527  4.040  4.496  4.873  5.162
9.999 -0.418 -0.398 -0.356 -0.277 -0.142  0.050  0.293  0.609  1.008  1.476  1.984  2.522  3.068  3.609  4.131  4.600  4.991  5.283
9.999 -0.419 -0.398 -0.357 -0.283 -0.148  0.066  0.359  0.713  1.119  1.575  2.068  2.594  3.132  3.672  4.195  4.667  5.060  5.346
9.999 -0.421 -0.403 -0.367 -0.298 -0.167  0.050  0.363  0.760  1.206  1.668  2.149  2.654  3.175  3.703  4.213  4.678  5.067  5.350
9.999 -0.419 -0.403 -0.373 -0.313 -0.194  0.018  0.332  0.736  1.204  1.698  2.191  2.685  3.186  3.692  4.184  4.635  5.017  5.300
9.999 -0.418 -0.403 -0.373 -0.320 -0.215 -0.023  0.280  0.682  1.146  1.645  2.158  2.664  3.158  3.647  4.120  4.558  4.935  5.223
9.999 -0.415 -0.401 -0.375 -0.325 -0.230 -0.055  0.224  0.608  1.066  1.561  2.074  2.593  3.099  3.584  4.046  4.473  4.844  5.137
9.999 -0.408 -0.392 -0.366 -0.321 -0.235 -0.074  0.186  0.546  0.989  1.481  1.994  2.512  3.027  3.521  3.981  4.403  4.767  5.058
9.999 -0.396 -0.380 -0.355 -0.311 -0.231 -0.085  0.157  0.501  0.927  1.412  1.927  2.448  2.966  3.466  3.933  4.351  4.707  4.987
9.999 -0.378 -0.361 -0.336 -0.292 -0.212 -0.073  0.153  0.481  0.897  1.373  1.885  2.410  2.928  3.431  3.901  4.316  4.658  4.915
9.999 -0.350 -0.334 -0.308 -0.265 -0.187 -0.052  0.165  0.479  0.885  1.357  1.866  2.389  2.908  3.411  3.879  4.285  4.608  4.832
9.999 -0.297 -0.282 -0.259 -0.218 -0.143 -0.011  0.198  0.501  0.895  1.359  1.863  2.383  2.898  3.395  3.853  4.244  4.538  4.732
9.999 -0.232 -0.215 -0.190 -0.153 -0.083  0.045  0.249  0.541  0.923  1.374  1.869  2.382  2.885  3.365  3.802  4.170  4.439  4.609
9.999 -0.187 -0.153 -0.115 -0.070  0.001  0.121  0.316  0.596  0.961  1.396  1.876  2.373  2.856  3.305  3.711  4.053  4.306  4.477
9.999 -0.168 -0.122 -0.066  0.001  0.087  0.211  0.396  0.659  1.005  1.421  1.881  2.354  2.804  3.210  3.580  3.903  4.154  4.333
9.999 -0.185 -0.126 -0.057  0.028  0.138  0.283  0.473  0.722  1.043  1.434  1.872  2.317  2.729  3.090  3.426  3.735  3.992  4.181
9.999 -0.250 -0.173 -0.087  0.010  0.134  0.299  0.507  0.758  1.063  1.430  1.843  2.261  2.637  2.961  3.267  3.566  3.829  4.028
9.999 -0.323 -0.256 -0.164 -0.048  0.092  0.269  0.492  0.757  1.060  1.408  1.797  2.190  2.536  2.831  3.114  3.404  3.668  3.882
9.999 -0.385 -0.334 -0.258 -0.150  0.001  0.196  0.436  0.718  1.032  1.373  1.739  2.108  2.433  2.707  2.972  3.254  3.516  9.999
9.999 -0.427 -0.394 -0.337 -0.245 -0.110  0.083  0.339  0.642  0.977  1.326  1.680  2.027  2.332  2.591  2.843  3.115  3.377  9.999
9.999 -0.446 -0.428 -0.393 -0.328 -0.216 -0.038  0.216  0.542  0.903  1.267  1.620  1.951  2.239  2.484  2.727  2.988  3.253  9.999
9.999 -0.456 -0.446 -0.424 -0.382 -0.301 -0.151  0.093  0.429  0.819  1.205  1.559  1.880  2.155  2.387  2.622  2.874  9.999  9.999
9.999 -0.460 -0.454 -0.440 -0.413 -0.356 -0.240 -0.026  0.311  0.723  1.136  1.498  1.812  2.078  2.302  2.529  2.775  9.999  9.999
9.999 -0.462 -0.458 -0.449 -0.431 -0.390 -0.303 -0.126  0.186  0.614  1.055  1.436  1.747  2.006  2.226  2.447  2.686  9.999  9.999
9.999 -0.463 -0.460 -0.453 -0.439 -0.409 -0.345 -0.205  0.070  0.491  0.961  1.366  1.684  1.939  2.157  2.374  9.999  9.999  9.999
9.999 -0.465 -0.461 -0.456 -0.444 -0.422 -0.371 -0.260 -0.032  0.362  0.849  1.284  1.615  1.874  2.093  2.307  9.999  9.999  9.999
9.999 -0.465 -0.463 -0.457 -0.447 -0.428 -0.386 -0.295 -0.105  0.247  0.728  1.190  1.540  1.807  2.031  2.245  9.999  9.999  9.999
9.999 -0.465 -0.463 -0.459 -0.449 -0.431 -0.395 -0.317 -0.154  0.156  0.615  1.090  1.463  1.740  1.970  2.189  9.999  9.999  9.999
9.999 -0.465 -0.463 -0.459 -0.451 -0.435 -0.402 -0.332 -0.187  0.089  0.520  0.995  1.386  1.676  1.914  2.136  9.999  9.999  9.999
9.999 -0.463 -0.461 -0.457 -0.450 -0.436 -0.406 -0.341 -0.209  0.042  0.443  0.912  1.316  1.620  1.865  2.092  9.999  9.999  9.999
9.999 -0.461 -0.458 -0.454 -0.447 -0.434 -0.406 -0.347 -0.224  0.010  0.385  0.840  1.252  1.571  1.826  2.053  9.999  9.999  9.999
9.999 -0.461 -0.455 -0.446 -0.435 -0.419 -0.394 -0.343 -0.237 -0.029  0.311  0.737  1.151  1.493  1.761  1.967  9.999  9.999  9.999
9.999 -0.467 -0.464 -0.455 -0.439 -0.412 -0.374 -0.317 -0.220 -0.038  0.274  0.677  1.080  1.418  1.661  1.845  9.999  9.999  9.999
9.999 -0.469 -0.468 -0.465 -0.457 -0.439 -0.397 -0.319 -0.196 -0.009  0.276  0.648  1.017  1.311  1.507  1.673  9.999  9.999  9.999
9.999 -0.470 -0.470 -0.468 -0.464 -0.456 -0.434 -0.376 -0.243 -0.019  0.281  0.618  0.929  1.158  1.325  1.488  9.999  9.999  9.999
9.999 -0.471 -0.471 -0.470 -0.467 -0.462 -0.448 -0.412 -0.320 -0.117  0.192  0.514  0.777  0.973  1.129  1.337  9.999  9.999  9.999
9.999 -0.472 -0.472 -0.471 -0.469 -0.466 -0.456 -0.430 -0.364 -0.216  0.045  0.343  0.588  0.773  0.944  1.178  9.999  9.999  9.999
9.999 -0.473 -0.473 -0.472 -0.471 -0.469 -0.462 -0.443 -0.394 -0.282 -0.080  0.173  0.397  0.580  0.768  1.031  9.999  9.999  9.999
9.999 -0.474 -0.474 -0.473 -0.472 -0.471 -0.466 -0.452 -0.416 -0.334 -0.182  0.024  0.223  0.405  0.615  0.897  9.999  9.999  9.999
9.999 -0.475 -0.475 -0.474 -0.473 -0.471 -0.468 -0.457 -0.431 -0.372 -0.258 -0.096  0.080  0.268  0.496  0.805  9.999  9.999  9.999
9.999 -0.477 -0.477 -0.476 -0.474 -0.472 -0.468 -0.459 -0.437 -0.392 -0.305 -0.175 -0.015  0.173  0.411  0.711  9.999  9.999  9.999
9.999 -0.479 -0.478 -0.478 -0.477 -0.475 -0.471 -0.460 -0.437 -0.395 -0.323 -0.213 -0.069  0.107  0.330  0.619  9.999  9.999  9.999
9.999 -0.481 -0.481 -0.481 -0.480 -0.479 -0.475 -0.465 -0.443 -0.399 -0.329 -0.231 -0.108  0.041  0.248  0.519  9.999  9.999  9.999
9.999 -0.484 -0.484 -0.483 -0.483 -0.482 -0.480 -0.473 -0.454 -0.415 -0.349 -0.260 -0.158 -0.030  0.160  0.420  9.999  9.999  9.999
9.999 -0.487 -0.487 -0.487 -0.487 -0.486 -0.485 -0.480 -0.467 -0.437 -0.382 -0.306 -0.218 -0.103  0.073  0.326  9.999  9.999  9.999
9.999 -0.492 -0.492 -0.491 -0.491 -0.491 -0.490 -0.486 -0.477 -0.456 -0.415 -0.354 -0.277 -0.172 -0.008  0.252  9.999  9.999  9.999
9.999 -0.497 -0.497 -0.497 -0.497 -0.496 -0.496 -0.493 -0.486 -0.471 -0.441 -0.394 -0.328 -0.236 -0.080  0.159  9.999  9.999  9.999
9.999 -0.503 -0.504 -0.503 -0.503 -0.503 -0.502 -0.500 -0.496 -0.484 -0.462 -0.426 -0.375 -0.292 -0.179  0.102  9.999  9.999  9.999
9.999 -0.512 -0.512 -0.511 -0.511 -0.511 -0.511 -0.509 -0.505 -0.497 -0.481 -0.456 -0.417 -0.366 -0.227  0.090  9.999  9.999  9.999
9.999 -0.522 -0.522 -0.521 -0.521 -0.521 -0.521 -0.520 -0.517 -0.511 -0.500 -0.484 -0.465 -0.427 -0.305  0.010  9.999  9.999  9.999
9.999 -0.534 -0.534 -0.534 -0.534 -0.534 -0.534 -0.533 -0.531 -0.527 -0.521 -0.520 -0.509 -0.540 -0.361  0.007  9.999  9.999  9.999
9.999  9.999  9.999  9.999  9.999  9.999  9.999  9.999  9.999  9.999  9.999  9.999  9.999  9.999  9.999  9.999  9.999  9.999  9.999
9.999  9.999  9.999  9.999  9.999  9.999  9.999  9.999  9.999  9.999  9.999  9.999  9.999  9.999  9.999  9.999  9.999  9.999  9.999
9.999  9.999  9.999  9.999  9.999  9.999  9.999  9.999  9.999  9.999  9.999  9.999  9.999  9.999  9.999  9.999  9.999  9.999  9.999
9.999  9.999  9.999  9.999  9.999  9.999  9.999  9.999  9.999  9.999  9.999  9.999  9.999  9.999  9.999  9.999  9.999  9.999  9.999
